1.75 2.47 1
2.00 3.83 -1
2.65 1.49 1
3.79 2.58 -1
3.56 0.97 -1
2.33 0.64 -1
2.14 3.88 -1
0.58 3.92 -1
1.44 0.46 -1
2.42 1.06 1
0.87 2.32 -1
2.58 1.46 1
0.86 3.15 -1
2.93 1.60 1
1.28 2.67 1
3.25 2.99 -1
3.60 2.54 -1
0.21 3.06 -1
3.84 3.78 -1
1.84 0.66 -1
3.72 3.70 -1
0.62 3.64 -1
2.77 3.18 -1
0.40 2.73 -1
0.60 0.18 -1
2.21 2.16 1
0.23 2.07 -1
0.44 2.16 -1
0.16 3.02 -1
0.87 3.16 -1
2.53 1.45 1
1.01 2.39 1
0.09 2.32 -1
3.01 0.57 -1
2.50 2.51 1
0.91 1.40 -1
3.83 2.94 -1
0.13 1.86 -1
1.66 1.31 1
0.55 0.59 -1
1.42 0.83 -1
1.19 3.30 -1
2.45 0.62 -1
0.10 1.40 -1
3.96 3.50 -1
3.97 0.18 -1
1.87 3.16 -1
3.72 2.31 -1
3.62 3.19 -1
3.73 0.75 -1
3.09 3.02 -1
0.28 1.10 -1
0.10 0.17 -1
2.08 1.53 1
2.22 1.53 1
0.50 1.02 -1
3.35 2.74 -1
0.33 2.96 -1
0.77 2.28 -1
2.82 3.78 -1
3.61 3.48 -1
2.45 1.00 -1
3.13 1.65 -1
1.91 1.94 1
0.47 0.17 -1
1.75 3.45 -1
3.52 3.59 -1
2.36 3.69 -1
3.94 2.99 -1
2.44 0.87 -1
3.64 0.84 -1
1.14 0.50 -1
1.47 2.48 1
0.21 2.74 -1
3.71 1.44 -1
3.55 0.75 -1
1.63 1.72 1
2.95 2.67 1
1.93 0.80 -1
2.28 1.79 1
2.59 1.34 1
1.79 1.49 1
3.01 0.03 -1
2.19 1.43 1
2.08 2.87 1
3.55 1.87 -1
1.10 0.82 -1
2.51 3.37 -1
2.79 0.79 -1
0.82 1.32 -1
3.47 3.71 -1
1.01 3.75 -1
0.17 3.04 -1
0.67 3.28 -1
2.28 1.84 1
1.88 3.01 -1
0.39 0.34 -1
2.32 3.18 -1
3.05 3.23 -1
1.89 0.46 -1
1.51 1.79 1
2.75 3.02 -1
2.90 3.44 -1
2.51 1.72 1
3.56 3.51 -1
2.44 1.48 1
1.28 3.91 -1
0.61 2.32 -1
2.60 1.55 1
0.46 3.17 -1
2.31 3.68 -1
3.38 3.81 -1
0.52 1.73 -1
0.89 3.78 -1
1.28 1.72 1
2.14 3.51 -1
3.60 3.99 -1
1.90 1.05 1
0.64 3.86 -1
0.61 0.21 -1
3.53 3.58 -1
3.45 2.12 -1
1.92 1.19 1
2.42 3.23 -1
0.02 0.77 -1
2.88 3.17 -1
0.89 0.17 -1
3.26 0.82 -1
0.65 3.51 -1
0.45 2.05 -1
2.41 1.27 1
2.66 1.44 1
3.07 0.62 -1
2.07 1.74 1
0.36 0.24 -1
2.62 2.05 1
1.24 3.91 -1
3.22 3.24 -1
1.02 3.06 -1
2.16 2.65 1
2.80 2.89 1
3.35 3.90 -1
1.29 2.52 1
1.05 3.49 -1
1.26 0.52 -1
0.71 1.74 -1
2.14 1.43 1
3.66 1.97 -1
0.06 3.44 -1
3.04 3.60 -1